2018-12-14 15:00:03.184820  1 138       3 48 48 48       96  n=7 adc2  2 70       29 29 29 29 29 28 29 29 29 29 29 29 30 29 29 30 29 29 30 29 30 29 30 29 30 29 29 29 29 29  k = 32
2018-12-14 15:00:11.855606  1 254       3 46 48 48       92  n=7 adc2  2 162       29 29 30 29 29 29 30 29 29 29 29 29 91 82 76 29 29 29 29 29 29 29 29 29 29 29 29 29 29 29  k = 32
2018-12-14 15:00:12.347326  1 186       3 83 83 83       167  n=7 adc2  2 162       29 29 30 29 30 29 30 30 29 29 29 29 30 29 30 29 29 29 29 29 29 29 29 29 30 29 29 29 29 29  k = 32
2018-12-14 15:00:13.686536  1 197       3 56 56 56       112  n=7 adc2  2 55       29 29 29 29 29 29 29 29 29 29 29 29 29 29 30 29 29 29 29 30 29 30 29 29 29 29 29 29 29 29  k = 32
2018-12-14 15:00:15.889976  1 198       3 96 96 92       192  n=7 adc2  2 3       29 29 29 30 30 29 29 29 29 29 29 45 42 41 40 29 30 29 29 29 29 29 29 29 29 29 30 29 29 29  k = 32
2018-12-14 15:00:16.488215  1 47       3 96 92 92       192  n=7 adc2  2 137       29 29 29 29 30 29 29 29 29 30 29 29 29 29 30 29 29 29 29 29 29 29 29 29 29 29 30 29 29 29  k = 32
2018-12-14 15:00:20.960715  1 77       3 83 83 81       167  n=7 adc2  2 60       30 29 30 30 29 30 29 30 29 30 29 30 30 29 29 28 29 29 29 29 29 29 29 29 29 29 29 29 29 30  k = 32
2018-12-14 15:00:28.750958  1 239       3 79 78 78       158  n=7 adc2  2 195       29 29 30 29 29 29 29 29 29 29 29 29 29 29 29 29 30 29 29 30 29 29 29 29 30 29 30 29 29 30  k = 32
2018-12-14 15:00:29.328584  1 180       3 3 3 71       143  n=7 adc2  2 172       30 29 30 29 29 29 30 29 29 29 29 29 29 29 29 29 29 29 29 29 29 29 30 29 30 29 29 29 29 30  k = 32
2018-12-14 15:00:29.918539  1 17       3 103 103 103       207  n=7 adc2  2 184       29 29 29 29 29 29 29 29 29 29 29 29 29 32 31 29 29 29 29 30 29 29 29 29 29 29 29 29 29 30  k = 32
2018-12-14 15:00:30.082293  1 44       3 120 119 115       240  n=7 adc2  2 144       29 29 29 29 29 29 29 29 29 29 29 29 29 29 29 29 29 29 29 29 29 30 29 29 29 30 29 29 29 30  k = 32
2018-12-14 15:00:30.373061  1 212       3 30 28 28       60  n=7 adc2  2 162       29 29 29 29 29 29 29 29 29 29 29 29 29 29 30 29 30 29 29 29 29 29 29 29 29 29 29 29 29 29  k = 32
2018-12-14 15:00:32.793810  1 203       3 103 103 99       207  n=7 adc2  2 98       29 29 30 29 29 29 29 30 29 29 29 29 29 29 29 29 29 29 29 29 29 29 29 29 30 29 29 29 29 29  k = 32
2018-12-14 15:00:33.158472  1 166       3 56 55 55       112  n=7 adc2  2 98       29 29 30 29 29 29 29 30 29 30 29 30 30 29 29 29 29 29 29 29 29 29 29 28 30 29 29 29 29 29  k = 32
2018-12-14 15:00:34.763849  1 147       3 35 35 35       71  n=7 adc2  2 148       29 29 28 29 29 29 29 29 29 29 29 29 29 29 30 29 30 29 29 29 29 29 29 30 29 29 30 29 29 29  k = 32
2018-12-14 15:00:35.923109  1 62       3 48 48 48       96  n=7 adc2  2 113       29 29 29 29 29 29 29 29 29 30 29 33 32 32 32 29 29 29 29 29 29 29 29 29 29 29 29 29 29 29  k = 32
2018-12-14 15:00:40.657926  1 233       3 28 28 28       56  n=7 adc2  2 152       29 29 30 29 29 29 29 29 29 29 29 29 29 29 29 29 29 29 29 29 29 29 29 29 30 29 29 29 29 30  k = 32
2018-12-14 15:00:43.262900  1 236       3 39 39 39       79  n=7 adc2  2 93       29 29 29 29 29 29 29 30 29 30 29 29 143 128 116 29 29 29 29 30 29 29 29 29 30 29 29 29 29 29  k = 32
2018-12-14 15:00:45.908726  1 123       3 96 94 92       192  n=7 adc2  2 120       29 29 29 29 29 29 29 29 29 29 29 29 36 35 34 29 29 29 29 29 29 29 29 29 29 29 29 29 29 29  k = 32
2018-12-14 15:01:04.618660  1 210       3 79 78 76       158  n=7 adc2  2 219       29 29 30 29 30 29 29 30 29 29 29 29 29 29 29 29 29 29 29 29 29 29 28 29 29 29 29 29 29 29  k = 32
2018-12-14 15:01:08.689848  1 29       3 48 48 46       96  n=7 adc2  2 103       29 29 29 28 29 29 29 29 29 29 29 29 29 29 29 29 30 29 29 30 30 29 30 29 29 29 29 29 29 29  k = 32
2018-12-14 15:01:09.144600  1 96       3 30 28 28       60  n=7 adc2  2 89       29 29 29 29 29 29 29 29 29 30 33 32 32 32 31 29 30 29 29 29 29 29 29 29 29 29 29 29 29 29  k = 32
2018-12-14 15:01:09.402624  1 32       3 163 159 159       71  n=7 adc2  2 151       29 29 29 29 30 29 30 29 30 29 29 29 30 29 30 29 29 29 29 29 29 29 29 29 29 29 29 29 29 29  k = 32
2018-12-14 15:01:10.541217  1 27       3 31 31 31       63  n=7 adc2  2 183       30 29 30 29 29 29 30 29 29 29 30 29 30 29 30 29 29 29 29 29 29 29 29 29 29 29 29 29 29 29  k = 32
2018-12-14 15:01:12.454056  1 134       3 118 115 115       236  n=7 adc2  2 231       29 29 30 29 29 29 29 29 29 29 29 29 29 29 29 29 29 29 29 30 29 29 29 29 29 29 29 29 29 30  k = 32
2018-12-14 15:01:12.990468  1 224       3 143 143 140       31  n=7 adc2  2 82       29 29 29 29 29 29 29 29 29 29 29 29 29 29 29 29 29 30 29 30 29 29 29 30 29 29 29 29 29 30  k = 32
2018-12-14 15:01:17.348583  1 117       3 35 35 35       71  n=7 adc2  2 109       29 29 29 29 29 29 29 29 29 30 29 29 29 29 29 29 29 29 29 29 29 29 29 29 29 29 29 29 29 29  k = 32
2018-12-14 15:01:18.282386  1 3       3 87 83 83       174  n=7 adc2  2 213       29 29 29 29 29 29 29 29 29 29 29 29 29 29 29 29 29 29 29 29 29 29 29 29 29 29 30 29 29 29  k = 32
2018-12-14 15:01:18.601889  1 117       3 63 63 63       127  n=7 adc2  2 60       29 29 29 29 29 29 29 29 29 29 29 32 32 32 31 29 30 29 29 29 30 30 29 29 29 29 29 29 29 29  k = 32
2018-12-14 15:01:19.732382  1 230       3 31 31 31       63  n=7 adc2  2 254       29 30 29 29 30 29 29 29 29 29 29 29 29 29 29 29 29 29 29 29 29 30 29 29 29 29 29 29 29 29  k = 32
2018-12-14 15:01:30.623248  1 71       3 60 60 56       120  n=7 adc2  2 179       29 29 29 29 29 29 29 29 29 29 29 29 30 29 29 29 29 29 29 30 29 29 29 29 30 29 30 29 29 30  k = 32
2018-12-14 15:01:30.868936  1 214       3 44 44 44       88  n=7 adc2  2 160       29 29 29 29 29 29 29 29 29 29 29 29 54 50 48 30 29 29 29 30 29 30 29 30 29 30 30 29 29 29  k = 32
2018-12-14 15:01:34.186664  1 211       3 88 87 83       176  n=7 adc2  2 180       29 29 30 29 29 29 29 30 29 29 29 29 30 29 29 29 29 29 29 29 29 29 29 29 30 29 29 29 29 29  k = 32
2018-12-14 15:01:39.892146  1 184       3 28 28 28       56  n=7 adc2  2 143       29 29 29 29 29 28 29 29 29 29 29 29 29 29 30 30 30 29 29 30 29 29 29 29 29 29 29 29 29 29  k = 32
2018-12-14 15:01:42.218622  1 32       3 31 31 31       63  n=7 adc2  2 92       29 30 29 29 29 30 29 29 29 30 30 29 30 29 29 28 29 29 29 29 28 29 29 29 29 28 29 29 29 29  k = 32
2018-12-14 15:01:42.943572  1 138       3 159 159 159       63  n=7 adc2  2 209       29 29 29 29 29 29 29 29 28 29 29 29 29 29 29 29 29 29 29 29 29 29 30 29 30 29 30 29 29 30  k = 32
2018-12-14 15:01:45.818903  1 87       3 40 40 39       81  n=7 adc2  2 144       29 29 29 29 30 29 30 29 30 29 30 29 30 29 30 30 29 29 29 29 29 29 29 29 29 29 29 29 29 29  k = 32
2018-12-14 15:01:47.424497  1 236       3 120 120 115       240  n=7 adc2  2 173       29 29 29 30 30 29 29 29 29 29 29 29 30 29 30 29 29 29 29 29 29 29 29 29 29 29 29 29 29 29  k = 32
2018-12-14 15:01:47.805330  1 184       3 31 31 31       63  n=7 adc2  2 54       30 29 29 29 29 30 29 29 29 29 29 65 61 57 54 29 29 29 29 29 29 29 29 29 29 29 29 29 29 29  k = 32
2018-12-14 15:01:49.820443  1 189       3 25 25 24       51  n=7 adc2  2 216       30 29 30 29 29 29 29 30 29 29 29 30 37 35 35 29 29 29 29 29 29 29 29 29 29 29 29 29 29 30  k = 32
2018-12-14 15:01:50.381528  1 95       3 56 54 51       112  n=7 adc2  2 254       29 29 29 29 29 30 30 30 29 29 30 29 30 29 30 29 29 29 29 29 29 29 29 29 29 29 29 29 29 29  k = 32
2018-12-14 15:01:55.669298  1 244       3 33 31 31       67  n=7 adc2  2 79       30 30 29 29 29 30 29 30 29 30 30 30 29 55 52 28 29 29 29 29 29 29 29 29 29 29 29 29 29 29  k = 32
2018-12-14 15:01:57.217591  1 175       3 71 71 71       143  n=7 adc2  2 164       29 29 29 29 29 29 29 30 29 29 28 29 29 29 29 29 30 29 29 30 29 30 29 29 29 29 29 29 29 30  k = 32
2018-12-14 15:02:00.535115  1 181       3 99 97 97       199  n=7 adc2  2 163       29 29 30 29 29 29 29 29 29 29 29 29 29 29 29 29 29 29 29 30 29 29 29 29 30 29 29 29 30 30  k = 32
2018-12-14 15:02:03.873383  1 92       3 83 79 79       167  n=7 adc2  2 110       29 29 29 29 29 29 29 30 29 29 29 29 29 29 29 29 29 29 29 30 29 29 29 29 30 29 30 29 29 30  k = 32
2018-12-14 15:02:09.738657  1 133       3 31 31 31       63  n=7 adc2  2 116       29 29 30 29 29 29 29 30 29 29 29 29 29 29 29 29 29 29 29 29 29 29 29 29 30 29 29 29 29 30  k = 32
2018-12-14 15:02:12.396894  1 104       3 3 3 35       71  n=7 adc2  2 31       29 29 29 29 29 29 29 29 29 29 29 29 30 29 30 29 29 29 29 30 29 29 29 29 30 29 29 29 29 29  k = 32
2018-12-14 15:02:15.050913  1 215       3 115 112 112       231  n=7 adc2  2 71       30 29 29 29 29 30 29 30 29 29 29 29 29 29 29 29 29 29 29 29 29 29 30 29 30 29 29 30 29 29  k = 32
2018-12-14 15:02:16.103494  1 87       3 83 83 83       167  n=7 adc2  2 158       29 29 30 29 29 29 29 29 29 29 29 29 30 29 30 29 29 29 29 29 29 29 29 29 30 29 29 29 29 29  k = 32
2018-12-14 15:02:20.424722  1 133       3 28 28 28       56  n=7 adc2  2 102       29 29 29 29 29 29 29 29 29 29 29 29 29 31 31 29 29 30 29 29 29 29 29 29 29 29 29 29 29 29  k = 32
2018-12-14 15:02:25.810741  1 134       3 3 3 39       78  n=7 adc2  2 227       30 29 29 29 29 29 29 29 29 29 29 29 29 29 58 29 29 29 29 29 29 29 29 29 29 29 29 29 30 29  k = 32
2018-12-14 15:02:26.953555  1 246       3 92 92 88       184  n=7 adc2  2 13       29 29 29 29 29 29 29 29 29 29 29 29 29 29 29 29 29 29 29 29 29 29 29 29 30 29 29 29 30 30  k = 32
2018-12-14 15:02:33.355199  1 116       3 3 3 112       224  n=7 adc2  2 105       29 29 29 29 30 29 30 29 30 30 29 29 30 29 30 29 29 29 29 29 29 29 28 29 29 29 29 29 29 29  k = 32
2018-12-14 15:02:33.654386  1 58       3 63 63 62       127  n=7 adc2  2 72       29 29 29 29 29 29 29 29 29 29 29 29 29 29 29 29 30 29 29 30 29 30 29 29 29 29 30 29 30 29  k = 32
2018-12-14 15:02:35.734922  1 167       3 31 31 30       62  n=7 adc2  2 2       29 29 29 29 30 30 29 29 29 30 29 32 31 31 31 29 29 29 29 29 29 29 29 29 29 29 30 29 29 29  k = 32
2018-12-14 15:02:37.602713  1 92       3 48 48 48       97  n=7 adc2  2 224       29 29 29 29 29 29 29 29 29 29 29 29 29 29 29 29 29 29 29 29 29 30 29 29 30 29 29 29 29 29  k = 32
2018-12-14 15:02:39.748911  1 30       3 44 41 40       88  n=7 adc2  2 172       29 29 29 29 29 29 29 29 29 29 29 29 30 29 29 29 29 29 29 30 29 29 29 29 30 29 29 29 29 30  k = 32
2018-12-14 15:02:46.777449  1 6       3 115 115 113       231  n=7 adc2  2 126       29 29 29 29 29 29 29 29 29 29 29 29 57 53 50 29 30 29 30 30 30 29 29 29 30 29 29 29 29 30  k = 32
2018-12-14 15:02:53.969717  1 129       3 25 25 24       51  n=7 adc2  2 196       29 29 29 29 29 29 29 29 29 30 29 29 29 29 30 29 30 29 29 29 29 30 29 29 29 30 29 29 29 29  k = 32
2018-12-14 15:02:56.595251  1 31       3 3 3 31       62  n=7 adc2  2 113       29 29 30 29 29 29 29 29 29 29 29 29 29 30 30 29 29 29 29 29 29 29 29 29 30 29 30 29 30 30  k = 32
2018-12-14 15:02:58.991305  1 253       3 31 31 31       63  n=7 adc2  2 92       29 29 29 29 29 29 29 29 29 29 29 28 33 32 32 29 30 29 30 30 29 30 29 29 30 29 30 29 29 30  k = 32
2018-12-14 15:03:01.059748  1 87       3 63 63 63       127  n=7 adc2  2 183       29 29 29 29 29 29 29 29 29 30 29 29 41 39 38 29 30 29 29 29 30 30 29 29 30 29 29 29 29 30  k = 32
2018-12-14 15:03:06.654661  1 25       3 143 142 140       31  n=7 adc2  2 173       29 29 29 29 30 29 29 29 29 30 29 183 164 148 134 29 29 29 29 29 29 29 29 29 29 29 29 29 29 29  k = 32
2018-12-14 15:03:08.940192  1 144       3 28 28 25       56  n=7 adc2  2 95       29 29 30 29 30 29 29 29 29 29 29 29 30 29 30 29 29 28 29 29 29 29 29 29 29 29 29 29 29 30  k = 32
2018-12-14 15:03:11.450836  1 49       3 56 56 56       112  n=7 adc2  2 16       30 29 30 29 30 30 30 29 29 29 30 29 30 29 29 29 29 29 29 29 29 29 30 29 29 29 29 29 29 29  k = 32
2018-12-14 15:03:13.027690  1 221       3 67 67 67       135  n=7 adc2  2 89       29 29 30 29 29 29 29 29 29 29 29 29 30 30 29 29 29 28 29 29 29 29 29 29 29 29 29 29 29 29  k = 32
2018-12-14 15:03:13.285859  1 54       3 92 92 89       184  n=7 adc2  2 217       29 29 29 29 29 29 29 29 29 29 29 29 28 29 29 29 30 29 29 29 29 30 29 29 29 29 30 29 29 29  k = 32
2018-12-14 15:03:21.141711  1 39       3 63 62 62       126  n=7 adc2  2 158       29 29 29 29 29 29 29 30 29 29 29 65 61 56 53 29 29 29 29 29 29 29 29 29 30 29 29 28 29 29  k = 32
2018-12-14 15:03:23.832344  1 175       3 48 48 48       96  n=7 adc2  2 53       29 29 29 29 29 29 29 29 29 29 29 29 106 95 87 29 29 29 29 29 29 29 30 29 30 29 29 30 29 30  k = 32
2018-12-14 15:03:24.082533  1 37       3 30 30 30       60  n=7 adc2  2 123       30 29 30 29 30 29 30 29 29 29 30 29 30 29 30 29 29 29 29 29 28 29 29 29 29 29 28 29 29 29  k = 32
2018-12-14 15:03:27.015033  1 70       3 35 35 35       71  n=7 adc2  2 238       29 29 29 29 29 29 29 29 29 29 29 29 29 29 29 29 30 29 29 29 29 29 29 30 29 29 29 29 29 29  k = 32
2018-12-14 15:03:27.244426  1 180       3 120 115 115       240  n=7 adc2  2 53       29 29 29 29 29 29 29 29 29 29 29 29 29 29 29 29 30 29 30 30 30 29 29 29 30 29 30 29 30 29  k = 32
2018-12-14 15:03:29.186011  1 29       3 99 99 99       199  n=7 adc2  2 159       30 29 30 29 30 30 30 30 29 29 30 36 35 34 34 29 29 29 29 29 29 29 29 29 29 29 29 29 30 29  k = 32
2018-12-14 15:03:30.783211  1 213       3 25 25 24       51  n=7 adc2  2 139       28 29 29 29 29 29 29 30 29 29 29 29 29 33 32 29 30 29 29 30 29 30 29 30 29 29 29 29 29 30  k = 32
2018-12-14 15:03:31.540961  1 51       3 35 35 35       71  n=7 adc2  2 68       29 29 29 29 29 29 29 29 28 29 29 29 33 32 32 29 29 30 30 29 29 29 29 29 30 29 29 29 29 29  k = 32
2018-12-14 15:03:32.728914  1 251       3 127 126 124       254  n=7 adc2  2 203       29 29 30 29 29 29 29 29 29 29 29 29 30 29 29 30 30 29 29 30 29 29 29 30 29 29 29 29 29 30  k = 32
2018-12-14 15:03:39.421450  1 89       3 31 31 31       63  n=7 adc2  2 1       29 29 29 29 29 29 29 29 29 29 30 29 30 29 30 29 29 29 29 30 29 29 29 29 29 29 29 29 29 29  k = 32
2018-12-14 15:03:45.012332  1 184       3 56 56 56       112  n=7 adc2  2 240       29 29 30 29 29 29 29 29 29 29 29 29 30 29 29 29 29 29 29 29 29 29 29 29 30 29 29 29 29 29  k = 32
2018-12-14 15:03:45.413635  1 30       3 67 67 67       135  n=7 adc2  2 11       29 29 29 29 29 29 29 29 29 29 29 29 30 29 29 29 29 29 29 30 29 29 29 30 30 29 30 29 29 30  k = 32
2018-12-14 15:03:46.130465  1 60       3 92 92 88       184  n=7 adc2  2 98       29 29 29 29 30 29 29 29 29 29 29 29 29 29 30 29 30 29 29 29 30 30 29 29 29 29 30 29 29 29  k = 32
2018-12-14 15:03:46.535895  1 39       3 51 49 49       103  n=7 adc2  2 124       29 29 30 29 29 29 30 30 29 29 29 29 43 41 40 29 29 29 29 29 29 29 29 29 29 29 29 29 29 29  k = 32
2018-12-14 15:03:47.621319  1 153       3 103 99 99       206  n=7 adc2  2 203       29 30 30 30 30 29 29 30 30 30 29 29 30 29 29 29 29 29 29 29 29 29 29 29 29 29 29 28 29 29  k = 32
2018-12-14 15:03:49.542310  1 214       3 33 31 31       67  n=7 adc2  2 109       29 29 29 29 29 29 29 30 29 30 29 30 30 29 30 29 29 29 29 30 29 29 29 29 29 29 29 29 29 30  k = 32
2018-12-14 15:03:54.101008  1 99       3 167 163 163       79  n=7 adc2  2 213       29 29 30 29 30 30 30 29 29 29 30 29 30 29 29 29 29 29 29 29 29 29 29 29 29 29 29 29 29 29  k = 32
2018-12-14 15:03:57.078545  1 49       3 63 63 63       127  n=7 adc2  2 232       30 29 29 29 29 30 29 29 29 29 30 29 39 37 36 29 29 29 29 29 29 29 30 29 29 29 29 29 29 29  k = 32
2018-12-14 15:03:59.528043  1 89       3 48 48 48       97  n=7 adc2  2 166       30 29 30 29 30 29 30 30 30 30 30 30 30 29 29 29 29 29 28 29 29 29 29 29 29 29 29 29 29 29  k = 32
2018-12-14 15:04:00.040004  1 198       3 51 51 51       103  n=7 adc2  2 75       29 30 29 29 29 29 29 30 29 29 29 29 29 29 29 29 29 29 29 30 29 29 29 29 30 29 29 29 29 30  k = 32
2018-12-14 15:04:08.874746  1 2       3 135 127 127       14  n=7 adc2  2 241       29 29 29 29 29 29 29 29 29 29 28 29 29 29 29 29 30 29 29 29 29 29 29 29 30 29 30 29 30 29  k = 32
2018-12-14 15:04:09.841368  1 248       3 39 39 39       79  n=7 adc2  2 128       29 29 29 29 30 29 29 30 30 29 30 29 30 34 33 29 29 29 29 29 29 29 29 29 29 29 29 29 29 29  k = 32
2018-12-14 15:04:10.775168  1 73       3 3 3 39       79  n=7 adc2  2 219       29 29 29 29 29 29 29 30 29 29 29 29 29 250 222 29 29 29 29 29 29 29 29 29 30 29 29 29 29 29  k = 32
2018-12-14 15:04:13.302497  1 149       3 81 81 79       163  n=7 adc2  2 56       29 29 29 29 29 29 29 29 29 29 29 29 29 29 29 29 29 29 29 29 29 29 29 29 30 29 29 29 29 30  k = 32
2018-12-14 15:04:13.556228  1 80       3 112 112 110       224  n=7 adc2  2 74       29 30 29 29 30 29 29 30 29 29 29 29 30 29 29 29 29 29 29 29 29 29 29 29 29 29 29 29 29 29  k = 32
2018-12-14 15:04:14.617151  1 127       3 28 28 25       56  n=7 adc2  2 9       29 29 29 30 29 29 29 29 29 30 29 29 29 29 29 29 29 29 29 29 29 29 29 29 29 29 30 29 29 29  k = 32
2018-12-14 15:04:14.953023  1 77       3 112 112 112       225  n=7 adc2  2 207       29 29 29 29 29 30 29 30 29 30 30 30 30 29 30 29 29 29 29 29 29 29 29 29 29 29 29 29 29 29  k = 32
2018-12-14 15:04:15.387181  1 89       3 31 31 31       63  n=7 adc2  2 38       29 29 29 29 29 30 29 29 29 29 30 29 29 29 29 29 29 29 29 29 29 29 29 29 29 29 29 29 29 29  k = 32
2018-12-14 15:04:16.734676  1 192       3 76 72 71       152  n=7 adc2  2 235       30 30 29 29 29 30 29 30 29 29 29 30 30 29 29 29 29 29 29 29 29 29 29 29 29 29 29 29 29 29  k = 32
2018-12-14 15:04:18.954584  1 87       3 89 88 88       179  n=7 adc2  2 42       29 29 29 29 29 29 29 29 29 29 29 29 29 67 62 29 29 29 29 29 29 29 30 29 30 29 30 30 30 30  k = 32
2018-12-14 15:04:20.363544  1 209       3 48 47 46       96  n=7 adc2  2 35       30 29 29 29 29 30 29 30 29 30 30 29 29 29 29 29 29 29 29 29 29 29 29 29 30 28 29 29 29 29  k = 32
2018-12-14 15:04:22.939996  1 49       3 33 33 31       67  n=7 adc2  2 20       29 29 29 29 29 29 29 29 29 29 29 29 29 29 29 29 29 29 28 29 29 29 29 29 29 29 29 29 29 29  k = 32
2018-12-14 15:04:29.312971  1 218       3 71 71 71       143  n=7 adc2  2 111       30 30 30 30 30 30 30 30 29 30 30 31 31 31 30 29 30 29 30 30 30 30 30 30 30 30 30 30 30 30  k = 32
2018-12-14 15:04:30.492619  1 197       3 79 78 78       156  n=7 adc2  2 215       29 29 30 29 30 29 30 30 30 30 30 30 30 82 76 30 30 29 30 30 30 30 29 29 30 29 30 29 29 30  k = 32
