2018-12-14 20:12:51.044620  1 98       3 48 48 48       96  n=7 adc2  2 182       10 10 10 10 10 10 10 10 10 10 10 10 10 10 10 10 10 10 10 10 10 10 10 10 10 10 10 10 10 10  k = 32
2018-12-14 20:12:51.876102  1 232       3 79 79 78       159  n=7 adc2  2 180       10 10 10 10 10 10 10 10 10 10 11 10 100 89 81 10 10 10 10 10 10 10 10 10 10 10 10 10 10 10  k = 32
2018-12-14 20:12:54.190189  1 228       3 31 31 31       63  n=7 adc2  2 41       10 10 10 10 10 10 10 10 10 10 10 10 11 11 11 10 10 10 10 10 10 10 10 10 10 10 10 10 10 10  k = 32
2018-12-14 20:12:55.893947  1 234       6 128 128 112       0  n=7 adc2  2 152       10 10 10 10 10 10 10 10 10 10 9 10 11 10 10 10 10 10 10 10 10 10 10 10 10 10 10 10 10 11  k = 32
2018-12-14 20:12:57.479127  1 102       6 31 31 31       63  n=7 adc2  2 45       10 10 10 10 10 10 10 10 10 10 10 10 10 10 10 28 26 24 22 21 20 18 17 16 16 15 15 14 13 13  k = 32
2018-12-14 20:13:05.802037  1 188       3 31 31 31       63  n=7 adc2  2 64       10 10 11 10 10 10 10 11 10 10 10 10 83 73 66 10 10 10 10 10 10 10 10 10 10 10 10 10 10 10  k = 32
2018-12-14 20:13:06.620996  1 197       6 143 143 143       30  n=7 adc2  2 214       10 10 10 10 10 10 10 11 10 10 10 10 11 10 10 10 10 10 10 10 10 10 10 10 10 10 10 10 10 10  k = 32
2018-12-14 20:13:12.474130  1 22       3 97 96 96       195  n=7 adc2  2 111       10 10 10 10 11 10 10 11 10 10 10 11 11 11 11 10 10 10 10 11 10 10 10 11 11 10 10 10 11 11  k = 32
2018-12-14 20:13:14.087946  1 73       3 48 48 48       96  n=7 adc2  2 38       10 10 10 10 10 11 10 11 10 10 10 10 11 10 10 10 10 10 10 11 10 10 11 11 11 10 10 10 10 11  k = 32
2018-12-14 20:13:18.675366  1 61       6 60 73 71       120  n=7 adc2  2 102       11 11 11 10 10 11 10 11 10 10 11 11 10 10 11 10 11 11 10 11 10 10 11 11 10 10 10 11 10 11  k = 32
2018-12-14 20:13:25.412954  1 26       6 31 31 31       63  n=7 adc2  2 205       10 10 10 10 10 10 10 11 10 10 10 10 11 10 10 10 10 10 10 11 10 10 10 10 11 10 11 10 10 11  k = 32
2018-12-14 20:13:29.086958  1 79       6 39 39 39       79  n=7 adc2  2 111       10 11 11 11 11 10 11 11 10 11 10 50 45 41 38 11 11 10 11 11 11 11 10 11 10 10 11 10 10 10  k = 32
2018-12-14 20:13:35.415164  1 31       3 33 31 31       67  n=7 adc2  2 145       10 11 11 11 11 11 11 11 11 11 10 11 11 11 11 11 11 10 10 11 11 11 11 11 11 11 11 11 11 11  k = 32
2018-12-14 20:13:38.761523  1 146       6 44 44 41       88  n=7 adc2  2 134       10 11 11 11 11 11 11 11 10 11 10 10 11 11 11 11 11 10 10 11 11 11 10 11 11 11 11 10 10 11  k = 32
2018-12-14 20:13:38.925115  1 195       3 99 99 97       199  n=7 adc2  2 103       10 10 11 11 11 11 11 11 10 11 10 11 11 11 11 11 11 10 11 11 11 11 11 11 10 10 11 11 11 11  k = 32
2018-12-14 20:13:41.427884  1 194       6 127 127 126       255  n=7 adc2  2 45       10 10 11 11 11 11 11 11 10 11 10 11 11 11 11 11 11 10 11 11 11 11 10 11 11 11 11 10 11 11  k = 32
2018-12-14 20:13:44.237650  1 115       3 46 46 44       92  n=7 adc2  2 193       11 10 11 11 11 11 10 11 11 11 11 10 11 11 11 10 11 11 11 11 11 11 11 10 11 11 11 11 11 11  k = 32
2018-12-14 20:13:49.246967  1 180       6 92 88 88       184  n=7 adc2  2 207       11 11 11 10 11 11 11 11 10 11 11 10 172 153 137 11 11 11 11 11 11 11 11 11 11 10 10 11 11 11  k = 32
2018-12-14 20:13:52.576826  1 222       6 44 41 41       88  n=7 adc2  2 79       11 11 11 11 11 11 11 11 11 11 11 10 11 11 11 11 11 11 11 11 11 11 11 10 11 11 11 11 10 11  k = 32
2018-12-14 20:13:52.740569  1 154       6 127 126 124       255  n=7 adc2  2 188       10 10 11 11 10 10 11 11 11 11 11 11 11 11 11 11 11 11 11 11 11 11 11 11 11 11 11 11 11 11  k = 32
2018-12-14 20:14:03.500575  1 193       6 76 72 71       152  n=7 adc2  2 16       11 10 11 11 11 11 11 11 11 11 11 11 11 11 11 11 11 10 11 11 11 11 11 11 11 11 11 11 11 11  k = 32
2018-12-14 20:14:06.904129  1 215       6 62 60 60       124  n=7 adc2  2 207       13 12 12 12 12 12 12 12 12 12 11 11 12 11 11 11 11 11 11 11 11 11 11 11 11 11 11 11 11 11  k = 32
2018-12-14 20:14:07.674215  1 196       3 35 35 35       71  n=7 adc2  2 1       11 11 11 11 11 10 11 11 11 11 11 11 11 11 11 11 11 11 11 11 11 11 11 11 11 11 11 11 11 11  k = 32
2018-12-14 20:14:12.187828  1 71       6 31 31 31       63  n=7 adc2  2 236       11 11 11 11 11 11 11 12 11 11 11 11 11 11 11 11 11 11 11 12 11 11 11 11 11 11 11 11 11 11  k = 32
2018-12-14 20:14:12.798185  1 193       3 60 57 56       120  n=7 adc2  2 209       11 11 11 11 11 11 11 11 11 11 11 11 20 18 18 11 11 11 11 11 11 11 10 11 11 11 11 11 11 11  k = 32
2018-12-14 20:14:16.246923  1 228       3 31 31 31       63  n=7 adc2  2 44       12 11 11 11 11 11 11 11 11 11 11 11 11 11 11 11 11 11 11 11 11 11 11 11 11 11 11 11 11 11  k = 32
2018-12-14 20:14:26.195739  1 190       6 48 48 48       96  n=7 adc2  2 26       11 11 11 11 11 11 11 11 11 11 11 100 89 80 72 11 11 11 11 11 11 11 11 11 11 11 11 11 11 11  k = 32
2018-12-14 20:14:28.100123  1 84       3 110 105 103       220  n=7 adc2  2 226       11 11 11 11 11 11 11 11 11 11 11 129 115 103 93 11 11 11 11 12 11 11 11 11 12 11 11 11 11 11  k = 32
2018-12-14 20:14:30.549684  1 4       6 28 28 25       56  n=7 adc2  2 234       11 11 11 11 11 11 11 11 11 11 11 47 42 38 35 11 11 11 11 11 11 11 11 11 11 11 11 11 11 11  k = 32
2018-12-14 20:14:30.922319  1 213       6 33 31 31       67  n=7 adc2  2 0       11 11 12 11 11 11 11 11 11 11 11 11 58 52 47 20 20 19 17 17 16 16 15 15 15 14 14 13 13 13  k = 32
2018-12-14 20:14:36.570650  1 201       103 103 103 103       216  n=7 adc2  2 193       12 11 12 11 11 12 11 12 11 11 11 11 11 11 11 11 11 11 11 11 11 11 11 12 11 11 11 12 11 12  k = 32
2018-12-14 20:14:42.185788  1 246       6 76 76 72       152  n=7 adc2  2 187       11 11 12 11 11 11 12 12 11 11 11 37 34 31 29 11 11 11 11 11 11 11 11 11 12 11 11 11 11 12  k = 32
2018-12-14 20:14:44.901701  1 221       6 31 31 31       63  n=7 adc2  2 70       12 11 11 11 11 12 11 12 11 11 12 11 12 11 11 11 11 11 11 12 11 11 11 12 11 11 11 11 11 11  k = 32
2018-12-14 20:14:45.147357  1 9       6 63 63 63       127  n=7 adc2  2 62       11 11 11 11 11 11 11 11 12 11 11 11 11 12 11 11 11 11 12 11 11 12 11 12 11 11 11 11 11 11  k = 32
2018-12-14 20:14:47.445157  1 152       6 39 39 39       79  n=7 adc2  2 12       11 11 12 11 11 11 11 12 11 11 11 11 43 39 36 11 11 11 11 11 12 11 11 11 11 12 11 11 11 12  k = 32
2018-12-14 20:14:47.641615  1 239       6 92 89 88       184  n=7 adc2  2 89       12 11 11 11 11 12 12 11 11 11 12 11 11 44 40 12 11 12 11 11 12 11 11 11 11 12 11 11 11 11  k = 32
2018-12-14 20:14:47.879359  1 218       6 48 48 46       96  n=7 adc2  2 52       12 11 12 11 11 11 11 12 11 11 11 12 12 11 12 11 11 11 12 11 11 11 11 12 11 11 11 12 11 12  k = 32
2018-12-14 20:15:01.711043  1 45       6 31 31 31       62  n=7 adc2  2 136       12 12 11 11 11 11 11 12 11 11 12 12 12 12 12 11 12 11 12 12 11 12 11 12 12 11 11 11 12 12  k = 32
2018-12-14 20:15:02.706298  1 174       3 31 31 30       62  n=7 adc2  2 238       12 11 12 11 11 12 11 11 11 12 12 11 12 116 104 12 11 12 11 12 11 11 12 12 11 11 12 12 12 12  k = 32
2018-12-14 20:15:06.703804  1 168       3 135 135 127       15  n=7 adc2  2 251       12 11 11 11 11 12 11 12 11 12 12 11 12 11 11 11 11 12 11 11 11 12 11 12 12 11 11 12 11 12  k = 32
2018-12-14 20:15:08.731305  1 130       6 63 63 62       126  n=7 adc2  2 253       12 12 12 11 11 12 11 12 11 12 11 11 145 129 116 11 11 11 12 12 11 11 12 11 12 11 11 12 12 12  k = 32
2018-12-14 20:15:10.336952  1 61       6 163 163 159       71  n=7 adc2  2 108       11 12 12 12 11 12 11 12 11 12 11 12 12 12 12 11 12 11 11 12 12 11 11 11 12 11 12 11 12 12  k = 32
2018-12-14 20:15:11.254497  1 98       3 224 224 220       192  n=7 adc2  2 61       12 12 11 11 11 12 11 12 11 11 12 11 12 83 46 11 12 12 12 12 11 11 12 12 12 11 12 12 11 11  k = 32
2018-12-14 20:15:11.774581  1 194       6 56 56 56       112  n=7 adc2  2 55       12 11 11 11 11 12 11 12 11 12 12 12 11 11 12 11 12 12 11 12 11 12 12 12 11 11 11 12 11 11  k = 32
2018-12-14 20:15:13.183550  1 109       6 108 105 103       216  n=7 adc2  2 6       11 11 12 11 12 11 12 12 11 11 11 11 12 12 12 12 11 11 11 12 12 12 11 11 12 11 12 11 12 12  k = 32
2018-12-14 20:15:17.553858  1 98       6 39 39 39       79  n=7 adc2  2 112       12 11 12 11 11 12 12 11 11 11 12 11 12 11 12 12 11 12 11 11 11 12 11 11 11 11 12 12 11 12  k = 32
2018-12-14 20:15:17.901784  1 111       6 167 167 163       79  n=7 adc2  2 162       12 12 11 11 12 12 12 12 11 12 12 11 11 62 56 11 12 12 12 11 11 11 12 12 11 11 11 12 12 11  k = 32
2018-12-14 20:15:35.870575  1 75       3 35 35 35       71  n=7 adc2  2 229       12 11 12 11 11 11 12 12 11 11 11 11 12 12 12 12 11 11 12 12 11 12 11 11 12 11 12 11 12 12  k = 32
2018-12-14 20:15:36.198326  1 233       3 96 96 92       192  n=7 adc2  2 140       11 11 12 12 12 11 12 12 11 12 11 12 12 47 43 11 11 11 12 12 12 12 11 11 12 12 11 11 12 12  k = 32
2018-12-14 20:15:39.741113  1 141       6 63 63 63       127  n=7 adc2  2 222       12 11 11 11 12 12 12 11 11 12 12 12 12 11 12 11 12 12 11 12 12 12 12 12 44 40 37 34 31 29  k = 32
2018-12-14 20:15:40.314611  1 191       3 6 3 99       199  n=7 adc2  2 154       12 12 12 11 11 12 11 11 11 12 12 12 11 11 12 11 11 12 12 12 11 11 12 11 12 11 11 12 12 12  k = 32
2018-12-14 20:15:40.691271  1 82       6 31 31 31       63  n=7 adc2  2 239       12 12 12 11 11 12 11 12 11 11 12 11 11 43 39 11 12 12 11 12 11 11 12 12 11 11 11 12 12 12  k = 32
2018-12-14 20:15:48.862709  1 138       6 28 28 28       56  n=7 adc2  2 2       12 12 12 12 12 12 12 12 12 12 12 12 12 12 12 11 12 12 12 12 12 12 12 12 12 11 12 12 12 12  k = 32
2018-12-14 20:15:49.153463  1 189       6 28 28 28       56  n=7 adc2  2 100       12 12 12 12 12 12 11 12 11 12 12 24 23 21 20 12 12 12 12 12 12 12 11 12 12 12 12 11 12 12  k = 32
2018-12-14 20:15:52.356426  1 253       6 140 135 127       24  n=7 adc2  2 148       11 12 12 12 12 12 12 12 12 12 12 12 12 12 12 12 12 12 12 12 12 12 11 12 12 12 12 12 11 12  k = 32
2018-12-14 20:15:52.680001  1 39       6 67 67 63       135  n=7 adc2  2 51       12 12 12 11 11 12 12 12 11 12 12 12 59 53 48 11 12 12 12 12 12 11 12 12 11 12 12 12 11 12  k = 32
2018-12-14 20:15:55.542897  1 53       6 108 103 103       216  n=7 adc2  2 97       12 11 12 12 12 12 12 12 12 12 12 12 12 12 12 12 12 12 12 12 11 12 12 12 11 12 12 12 12 12  k = 32
2018-12-14 20:15:56.984696  1 249       6 51 51 51       103  n=7 adc2  2 86       12 12 12 12 12 12 12 12 12 11 12 12 12 11 12 12 12 12 12 12 12 12 13 12 12 11 12 12 12 11  k = 32
2018-12-14 20:15:58.447086  1 118       6 142 140 135       28  n=7 adc2  2 207       11 12 12 11 12 11 12 12 12 12 11 12 170 152 136 12 12 11 12 12 11 12 12 12 12 12 12 12 12 12  k = 32
2018-12-14 20:16:02.133324  1 213       6 73 71 71       147  n=7 adc2  2 17       12 12 12 12 12 12 12 12 12 12 11 12 12 75 67 20 19 18 18 17 16 16 15 15 15 14 14 13 13 14  k = 32
2018-12-14 20:16:03.452220  1 125       6 63 63 63       127  n=7 adc2  2 250       12 12 12 12 12 11 12 12 12 12 12 12 12 12 12 12 12 11 12 12 11 12 11 12 12 12 12 11 12 12  k = 32
2018-12-14 20:16:04.599032  1 240       6 140 140 135       24  n=7 adc2  2 64       12 12 12 12 12 12 12 12 12 11 12 12 12 11 12 12 12 12 12 12 12 12 12 12 12 12 12 12 12 12  k = 32
2018-12-14 20:16:14.261157  1 176       6 44 40 40       88  n=7 adc2  2 6       12 12 12 12 12 12 12 12 12 12 12 12 12 12 12 12 12 12 12 12 12 12 12 12 12 12 12 12 12 12  k = 32
2018-12-14 20:16:15.088247  1 102       6 88 83 83       176  n=7 adc2  2 229       12 12 12 12 12 12 12 12 12 12 12 12 12 12 12 11 12 12 12 12 11 12 12 12 12 11 12 12 12 12  k = 32
2018-12-14 20:16:16.882328  1 17       6 135 127 127       14  n=7 adc2  2 58       12 12 12 12 12 12 11 12 12 12 12 12 12 96 86 12 11 12 12 12 12 12 12 12 12 12 12 12 12 12  k = 32
2018-12-14 20:16:18.262870  1 1       6 28 31 31       56  n=7 adc2  2 97       12 11 12 12 12 12 12 12 12 12 12 12 12 12 12 12 12 12 12 12 12 12 12 12 12 12 12 12 12 12  k = 32
2018-12-14 20:16:21.232293  1 20       6 135 135 127       15  n=7 adc2  2 220       12 12 12 12 12 12 12 12 12 12 12 12 12 12 12 11 12 12 12 12 12 12 12 12 12 12 12 12 11 12  k = 32
2018-12-14 20:16:21.429021  1 233       6 147 147 143       39  n=7 adc2  2 83       12 12 12 12 12 12 12 12 12 12 12 12 12 11 12 12 12 12 12 12 12 12 13 12 12 12 12 12 12 12  k = 32
2018-12-14 20:16:21.846786  1 170       6 39 35 35       78  n=7 adc2  2 252       12 12 12 12 12 12 12 12 12 12 12 12 12 12 12 12 12 12 12 12 12 12 12 12 12 12 11 12 12 12  k = 32
2018-12-14 20:16:23.354048  1 50       6 49 49 48       99  n=7 adc2  2 38       12 12 12 11 12 12 12 12 12 12 12 12 12 11 12 12 12 12 12 12 11 12 12 12 12 12 12 12 12 12  k = 32
2018-12-14 20:16:25.033340  1 39       6 67 67 63       135  n=7 adc2  2 179       12 11 12 12 12 12 12 12 12 12 12 12 12 12 12 12 12 12 12 12 12 12 12 12 12 12 12 12 12 12  k = 32
2018-12-14 20:16:27.605515  1 102       6 71 71 67       143  n=7 adc2  2 111       12 12 12 12 12 12 12 12 12 12 12 12 45 41 37 12 12 11 12 12 12 12 12 12 12 12 12 12 12 12  k = 32
2018-12-14 20:16:28.555853  1 76       6 60 60 57       120  n=7 adc2  2 101       12 12 12 11 11 12 12 12 12 12 12 12 12 11 12 12 12 12 12 12 12 12 12 12 12 11 12 12 12 12  k = 32
2018-12-14 20:16:34.498876  1 165       6 31 31 31       63  n=7 adc2  2 226       12 12 12 12 12 12 12 12 12 12 12 13 13 13 13 12 12 12 12 12 12 12 12 12 12 12 12 12 12 12  k = 32
2018-12-14 20:16:37.496946  1 7       6 71 71 67       143  n=7 adc2  2 150       11 12 12 12 12 12 12 12 12 12 12 12 51 47 43 12 12 11 12 12 12 12 11 12 12 12 12 11 12 12  k = 32
2018-12-14 20:16:41.089114  1 47       6 28 28 25       56  n=7 adc2  2 149       12 12 12 12 12 12 12 12 12 12 11 64 58 53 48 12 12 11 12 12 12 12 12 12 12 12 12 12 12 12  k = 32
2018-12-14 20:16:42.244071  1 223       6 73 71 71       147  n=7 adc2  2 45       12 12 12 12 12 12 12 12 12 12 12 12 51 47 43 12 12 12 12 12 11 12 12 12 12 11 12 12 12 12  k = 32
2018-12-14 20:16:51.005214  1 68       12 39 39 39       79  n=7 adc2  2 105       16 16 15 15 15 14 13 14 13 13 13 13 13 13 13 11 12 12 12 12 12 12 12 11 12 12 12 12 12 12  k = 32
2018-12-14 20:16:51.844758  1 212       6 67 67 63       135  n=7 adc2  2 174       12 12 12 12 12 12 12 12 11 12 12 12 12 12 12 12 12 12 12 12 11 12 12 12 12 12 12 12 12 12  k = 32
2018-12-14 20:16:55.903903  1 159       6 39 39 39       79  n=7 adc2  2 250       12 12 13 12 12 12 12 12 12 12 12 12 12 12 12 12 12 12 12 12 12 12 12 12 12 12 12 12 12 12  k = 32
2018-12-14 20:16:57.873992  1 220       6 35 35 33       71  n=7 adc2  2 31       12 12 12 11 12 12 12 12 12 12 12 11 12 12 12 12 12 12 12 12 11 12 12 12 12 12 12 12 12 12  k = 32
2018-12-14 20:17:00.781961  1 1       6 78 76 76       156  n=7 adc2  2 193       12 12 12 12 12 12 12 12 12 12 12 12 12 56 51 12 12 12 12 12 12 12 12 12 12 12 12 11 11 12  k = 32
2018-12-14 20:17:01.101458  1 130       6 143 142 140       30  n=7 adc2  2 12       12 12 12 11 12 12 12 12 12 12 12 12 12 12 12 12 12 12 12 12 12 12 12 12 12 12 12 12 12 12  k = 32
2018-12-14 20:17:01.326990  1 114       6 48 135 127       96  n=7 adc2  2 124       12 12 12 12 12 12 12 12 12 12 12 12 12 12 12 12 12 12 12 12 12 12 12 12 12 12 12 12 12 12  k = 32
2018-12-14 20:17:06.741603  1 218       6 120 115 115       240  n=7 adc2  2 195       12 11 12 12 12 12 12 12 12 12 12 12 12 12 12 12 12 12 12 12 12 12 12 12 12 12 12 12 11 12  k = 32
2018-12-14 20:17:07.863734  1 178       6 39 39 39       79  n=7 adc2  2 89       12 12 12 12 12 12 12 12 12 12 12 12 12 12 12 12 12 12 12 12 12 12 12 12 12 12 12 12 12 12  k = 32
2018-12-14 20:17:11.185588  1 196       6 46 46 46       92  n=7 adc2  2 141       12 12 12 12 12 12 12 12 12 12 12 12 12 12 12 12 12 12 12 12 12 12 12 12 12 12 12 12 12 12  k = 32
2018-12-14 20:17:11.345342  1 47       6 60 60 60       120  n=7 adc2  2 249       11 12 12 12 12 12 12 12 12 12 11 12 13 12 12 12 12 12 12 12 12 12 12 12 12 12 12 12 12 11  k = 32
2018-12-14 20:17:17.251443  1 41       6 108 105 103       216  n=7 adc2  2 2       12 12 12 12 12 11 12 13 12 12 12 12 12 12 12 12 11 12 12 12 12 12 12 12 12 12 12 11 12 12  k = 32
2018-12-14 20:17:20.262048  1 76       6 124 124 120       248  n=7 adc2  2 16       12 12 12 12 12 12 12 12 12 12 12 12 12 12 12 12 12 13 12 12 12 12 12 12 12 12 12 12 12 12  k = 32
2018-12-14 20:17:23.329795  1 246       6 30 30 30       60  n=7 adc2  2 8       12 12 12 12 12 12 12 12 12 12 12 12 12 12 12 12 12 12 12 12 12 11 12 12 12 12 12 12 12 12  k = 32
2018-12-14 20:17:28.683046  1 113       6 28 28 28       56  n=7 adc2  2 87       12 12 12 12 12 12 12 12 12 12 12 12 13 12 12 12 12 12 12 12 11 12 12 12 12 12 12 12 12 12  k = 32
2018-12-14 20:17:29.526905  1 122       6 57 56 56       115  n=7 adc2  2 195       12 12 12 12 12 12 12 12 12 12 12 12 12 12 12 12 12 11 12 12 12 12 11 12 12 12 12 12 12 12  k = 32
2018-12-14 20:17:29.903728  1 31       6 103 103 99       207  n=7 adc2  2 15       12 12 12 12 12 12 12 12 11 12 12 12 12 12 12 12 12 12 12 12 11 11 12 12 12 12 12 12 12 12  k = 32
2018-12-14 20:17:32.348917  1 171       6 44 44 44       88  n=7 adc2  2 170       12 11 12 12 12 12 12 12 12 12 12 12 12 12 12 12 12 12 12 12 12 12 12 12 12 12 12 12 12 12  k = 32
2018-12-14 20:17:39.791130  1 207       3 51 51 49       103  n=7 adc2  2 13       12 12 12 12 12 12 12 12 12 12 12 12 13 12 12 12 12 12 12 12 12 12 12 12 12 12 12 12 12 12  k = 32
2018-12-14 20:17:43.464870  1 82       6 120 115 115       240  n=7 adc2  2 131       12 12 12 12 12 12 12 12 12 12 12 12 161 144 129 12 12 12 12 12 12 12 11 12 12 12 12 12 12 12  k = 32
2018-12-14 20:17:44.894602  1 239       6 54 51 51       108  n=7 adc2  2 61       12 12 12 12 12 12 12 12 12 12 12 12 12 12 12 12 12 12 12 12 12 12 12 12 12 12 12 11 12 12  k = 32
2018-12-14 20:17:46.262524  1 135       6 28 28 28       56  n=7 adc2  2 181       12 12 12 12 12 12 11 12 12 12 12 12 12 12 12 12 12 12 12 13 12 12 12 12 12 12 12 12 11 12  k = 32
2018-12-14 20:17:52.562041  1 3       6 92 88 88       184  n=7 adc2  2 4       13 12 12 12 12 12 12 12 11 12 13 12 12 12 12 12 11 12 12 12 12 12 13 12 12 12 12 12 12 12  k = 32
2018-12-14 20:17:54.351937  1 184       6 115 115 115       231  n=7 adc2  2 24       12 12 12 12 12 12 12 12 12 12 12 12 12 62 56 12 12 12 12 12 12 12 12 12 12 12 12 12 12 12  k = 32
2018-12-14 20:17:56.047550  1 66       17 108 105 103       216  n=7 adc2  2 60       12 12 12 12 12 12 12 12 12 12 13 12 12 18 17 12 12 12 12 12 12 12 12 11 12 12 12 13 12 12  k = 32
2018-12-14 20:17:57.890689  1 96       6 96 92 92       192  n=7 adc2  2 99       12 12 12 12 12 12 12 12 11 11 12 12 12 12 12 11 12 12 12 12 12 12 12 12 13 12 12 12 12 12  k = 32
2018-12-14 20:17:59.172805  1 201       79 78 79 78       159  n=7 adc2  2 40       12 12 12 12 12 12 12 12 12 12 12 57 52 47 43 12 12 12 12 12 12 12 12 12 12 12 12 12 12 12  k = 32
2018-12-14 20:18:02.777181  1 177       6 76 79 78       152  n=7 adc2  2 107       12 12 12 12 12 12 12 12 12 12 12 12 12 143 128 12 12 12 12 12 12 12 12 12 12 12 12 12 12 12  k = 32
2018-12-14 20:18:08.327056  1 177       6 6 6 28       56  n=7 adc2  2 87       12 12 12 12 12 12 12 12 12 12 12 12 12 44 40 12 12 12 12 12 12 12 12 12 12 12 12 12 12 13  k = 32
2018-12-14 20:18:11.984605  1 66       6 28 28 28       56  n=7 adc2  2 89       12 12 12 12 12 12 12 12 12 12 12 12 112 101 91 50 46 42 39 36 33 31 28 27 25 24 23 21 20 19  k = 32
2018-12-14 20:18:15.199866  1 101       6 71 71 71       143  n=7 adc2  2 252       12 12 12 12 12 12 12 12 12 12 12 12 12 12 12 12 12 12 12 12 12 12 12 12 12 12 12 12 12 12  k = 32
2018-12-14 20:18:15.605287  1 118       6 6 6 28       56  n=7 adc2  2 72       12 12 12 12 12 12 12 12 12 12 12 12 12 12 12 12 11 12 12 12 12 12 12 12 13 12 12 12 12 12  k = 32
2018-12-14 20:18:18.267695  1 136       6 103 103 103       207  n=7 adc2  2 200       12 12 12 12 12 12 12 12 12 12 12 12 12 12 12 12 12 12 12 12 12 12 12 12 12 12 12 13 12 12  k = 32
2018-12-14 20:18:21.491115  1 49       6 57 56 56       115  n=7 adc2  2 219       13 12 12 12 12 13 12 12 12 12 12 64 58 52 48 12 12 13 12 12 12 12 13 12 12 12 12 12 12 12  k = 32
2018-12-14 20:18:23.514551  1 84       6 51 51 51       103  n=7 adc2  2 202       12 12 12 12 12 12 12 12 12 12 12 12 12 50 46 12 12 12 12 12 12 12 12 12 13 12 12 12 12 12  k = 32
